0140191803520850563818
0140999803200005233567
0140999803200058850946
0140999803200094960841
0140999803200094995207
0140184003520150719849
0140027403508701273611
0140999803200062203398
0140042703512050756701
0140019903401950380906
0140999803200094986131
0140306803644356177583
0140305103622953285278
0140414603620102502528
0140323503420052429751
0140304403659951758604
0140082303502950337803
0140029803505503645334
0140058803500106577006
0140129103505350783007
0140306803644350645622
0140301303666203456953
0140999803200004557921
0140305103622951543325
0140354903617752663006
0140038003508009578445
0140421403610100949784
0140085403502201725023
0140430603690408000404
0140354903617704187497
0140469603623250641716
0140097703503850701981
0140999803200005643207
0140359403706705800585
0140014403401401278505
0140999803200092672986
0140999803200054140407
0140013703401351032237
0140331003694252055654
0140323503420053162516
0140999803200061722454
0140999803200058851321
0140042703512051803178
0140029803505553114628
0140009003400950549906
0140033503502509376813
0140023603506853178350
0140460303620703358607
0140363103650050541768
0140078603502708669112
0140014403401401111556
0140323503420045606475
0140999803200005920481
0140046503517450787843
0140027403508751977914
0140081603503253607495
0140029803505545306240
0140356303670401920903
0140331003694252041194
0140043403512945248375
0140038003508007697627
0140351803684650674485
0140999803200094035741
0140018203401851060109
0140051903515505527208
0140349503695250200770
0140300603658450301104
0140375403611706672263
0140999803200059020618
0140028103509608536821
0140079303502051112697
0140129103505302567495
0140097703503845133201
0140110903402901046719
0140394503657004000254
0140061803500409997099
0140018203401851154183
0140035903506351215588
0140350103692701238621
0140023603506856065350
0140300603658450851791
0140312903665604042095
0140054003515150655000
0140023603506853618502
0140060103500351592371
0140035903506345293323
0140999803200051831463
0140056403517350123927
0140347103640150580075
0140323503420045663007
0140999803200060101649
0140999803200094926586
0140305103622952475784
0140479503622800924527
0140329703709250238821
0140033503502552759704
0140354903617704187145
0140323503420054083773
0140009003400902098487
0140011303401104032619
0140093903700251654238
0140084703503050599845
0140042703512052526955
0140301303666245102245
0140070003500507608460
0140999803200094990752
0140003803400350938300
0140005203400550531884
0140306803644345222656
0140128403505250416007
0140085403502250315679
0140028103509645404257
0140106203504301464202
0140046503517450583762
0140024303502610488483
0140323503420053261176
0140331003694250747629
0140999803200093589355
0140424503680200406223
0140414603620104811068
0140414603620145097069
0140100003402350407365
0140999803200094994075
0140316703719453188315
0140300603658450851609
0140368603660950233272
0140061803500451179250
0140027403508701272724
0140129103505351533878
0140999803200056790013
0140135203505945562082
0140306803644351143149
0140068703501545522109
0140317403643502497931
0140033503502551903201
0140023603506811718011
0140388403615404072169
0140002103400250752620
0140999803200094979276
0140339603630208519142
0140110903402901208807
0140024303502651874519
0140323503420054664585
0140087803502352612106
0140325903690201310838
0140323503420052601322
0140323503420052794105
0140060103500350433440
0140033503502552532769
0140999803200094994747
0140012003401250827657
0140100003402350511426
0140016803401650933336
0140305103622908667256
0140014403401450735299
0140094603503650763820
0140016803401650964301
0140135203505951369031
0140030403509850490162
0140034203716951141286
0140044103512645596815
0140999803200059516825
0140999803200002574513
0140042703512052003775
0140389103703707843974
0140024303502652902369
0140065603501409200295
0140112303502445055300
0140129103505350666977
0140021203402103159402
0140439903620350032969
0140999803200061722539
0140999803200060372599
0140029803505551514222
0140371603701350571080
0140026703509751697202
0140305103622945262012
0140352503684750808003
0140087803502352686211
0140421403610151027589
0140323503420054166043
0140140603508851402857
0140043403512950846607
0140999803200052641544
0140026703509745439478
0140018203401850680029
0140999803200061345303
0140349503695250608420
0140401603618950398783
0140323503420051827945
0140189503520651026778
0140005203400550328309
0140334103620545207938
0140063203500750275433
0140354903617750462209
0140047203513851158846
0140062503500805416640
0140068703501551850920
0140044103512653451463
0140305103622951077257
0140061803500406923796
0140077903504052374832
0140116103504851076010
0140078603502708668812
0140058803500153627174
0140031103509503644360
0140354903617750351550
0140069403500950378592
0140999803200094955258
0140054003515150655185
0140999803200056790600
0140339603630245351037
0140380803702550733757
0140999803200054140674
0140394503657050341084
0140050203518150432716
0140999803200005631613
0140086103503450227623
0140999803200062451292
0140075503501708588704
0140028103509645351898
0140135203505950398001
0140339603630252150135
0140028103509652580737
0140030403509804760307
0140059503500250666544
0140003803400350600364
0140999803200095522004
0140999803200063882998
0140084703503050136408
0140999803200005358776
0140115403504651859479
0140420703690150429418
0140087803502351138300
0140999803200095521117
0140027403508751187865
0140045803517503434988
0140087803502352612281
0140019903401950561871
0140096003503750082807
0140070003500507608897
0140023603506811717551
0140421403610101922445
0140110903402950275863
0140046503517450333305
0140077903504057392840
0140359403706705465502
0140094603503601400071
0140305103622908746982
0140306803644302510118
0140054003515150682318
0140033503502509265409
0140062503500851286253
0140999803200095000575
0140999803200008371217
0140999803200095005532
0140188803520051611266
0140032803503351283311
0140069403500900995899
0140069403500901049069
0140304403659951138143
0140999803200094991724
0140363103650050464083
0140999803200094975366
0140068703501551815181
0140999803200095002519
0140014403401401444603
0140999803200056789781
0140999803200094975878
0140999803200060918814
0140032803503350779666
0140305103622945339765
0140003803400309598045
0140356303670445098541
0140135203505903986244
0140037303718550114184
0140130703505450817260
0140999803200009962890
0140030403509805402428
0140477103690901414377
0140323503420045606987
0140129103505350963160
0140337203637951387017
0140192503520950774275
0140304403659903112009
0140401603618951330843
0140393803624350245442
0140460303620703126819
0140305103622945340424
0140460303620750410741
0140329703709250277990
0140150503504951204111
0140323503420055363405
0140305103622908666109
0140326603640650326955
0140051903515550466370
0140014403401450239470
0140100003402350433366
0140355603665750584731
0140059503500250632990
0140110903402950635409
0140015103401504087866
0140003803400351068002
0140085403502202540377
0140129103505302741789
0140305103622952274107
0140100003402350469633
0140316703719402154224
0140477103690950768203
0140323503420007305644
0140023603506855410854
0140300603658451594402
0140999803200059366086
0140016803401650114348
0140035903506352443588
0140323503420053865002
0140313603697150184639
0140363103650050366235
0140028103509608688683
0140149903506503131579
0140132103505752375563
0140454203686050118095
0140373003671550169919
0140054003515150500652
0140300603658445298390
0140066303500600902713
0140002103400208653463
0140140603508851891523
0140305103622952696448
0140310503632851442057
0140054003515150951825
0140999803200055188909
0140076203502102101377
0140304403659945266430
0140339603630245493928
0140999803200091967494
0140084703503051515462
0140300603658445298987
0140999803200061625258
0140304403659952501375
0140029803505545113606
0140018203401850342648
0140068703501508040969
0140029803505552559886
0140039703511402868187
0140323503420007004107
0140423803610245190005
0140084703503002200605
0140999803200062992102
0140999803200091542055
0140999803200094986728
0140084703503003021551
0140337203637951835615
0140999803200095222393
0140999803200094974639
0140032803503308888347
0140999803200060562455
0140032803503351086323
0140032803503308821272
0140081603503254652067
0140027403508745586429
0140027403508752714013
0140302003657250661744
0140047203513851663816
0140323503420045987255
0140394503657050752895
0140323503420007308827
0140421403610102078703
0140030403509851644278
0140999803200005314640
0140319803666551373065
0140366203617650935469
0140442903610505965158
0140430603690408639208
0140323503420052552446
0140339603630245494068
0140195603521250288099
0140087803502352512147
0140354903617704404507
0140068703501551526900
0140354903617745275184
0140056403517350779403
0140002103400250725497
0140036603710350757693
0140421403610101924908
0140043403512909246106
0140352503684751069074
0140063203500750636126
0140999803200095521209
0140079303502002524252
0140323503420055141427
0140003803400351290609
0140323503420055278305
0140051903515510030201
0140058803500150726119
0140337203637905289512
0140087803502303380360
0140085403502250544437
0140304403659903053320
0140008303400850308973
0140112303502450423307
0140031103509551725273
0140027403508745247304
0140133803505856225063
0140306803644351768834
0140306803644302511609
0140401603618907144612
0140065603501451239175
0140999803200061228501
0140999803200057579594
0140402303707250613422
0140423803610207347308
0140015103401504009987
0140087803502303873639
0140423803610250463949
0140023603506811771177
0140002103400250410827
0140018203401802093419
0140036603710301947515
0140363103650051064350
0140320403719302164378
0140418403650101537296
0140039703511402867887
0140999803200094974714
0140094603503650863612
0140323503420007314635
0140401603618908157642
0140339603630251261779
0140084703503050136583
0140077903504004422084
0140420703690100626692
0140100003402309630114
0140056403517350303233
0140002103400203249900
0140035903506351967953
0140097703503802671984
0140053303713450538708
0140339603630251717258
0140050203518109547722
0140023603506852641543
0140016803401650370773
0140038003508009697533
0140062503500850057526
0140305103622950831689
0140048903715951024807
0140115403504601165726
0140043403512950794548
0140018203401802110600
0140028103509609584683
0140417703630007088447
0140002103400203242565
0140014403401401300365
0140002103400203248174
0140094603503609086149
0140305103622950758586
0140097703503851418851
0140003803400310539228
0140087803502351706303
0140054003515107326052
0140030403509850261724
0140039703511408158297
0140036603710350909209
0140000703100005116762
0140081603503203106034
0140388403615454667689
0140001403400101575033
0140103103402607204295
0140014403401401106987
0140328003714005051295
0140023603506852641383
0140187103520450396904
0140030403509805338743
0140301303666245178578
0140033503502550973391
0140999803200052641384
0140026703509745439980
0140030403509805403827
0140084703503051110308
0140038003508008848390
0140077903504050137712
0140028103509608803530
0140081603503253989407
0140100003402309623259
0140029803505551109983
0140354903617751934435
0140044103512604222906
0140323503420054885911
0140033503502509265829
0140100003402309619737
0140422103610350214722
0140999803200004619708
0140999803200056789194
0140999803200091043305
0140999803200095521971
0140999803200094991137
0140999803200094997685
0140999803200094963789
0140035903506352019776
0140999803200057346222
0140999803200094993263
0140999803200094983200
0140999803200094950703
0140038003508051877101
0140339603630208520313
0140304403659951965907
0140058803500145408169
0140358703627402047227
0140019903401904094992
0140422103610350321134
0140061803500450446502
0140043403512906246673
0140316703719401486447
0140304403659945327160
0140317403643502162758
0140999803200094980522
0140050203518150738630
0140056403517305525938
0140033503502501580702
0140033503502509265317
0140150503504905074740
0140033503502551903713
0140024303502650551648
0140130703505400824908
0140087803502303378974
0140045803517503101824
0140023603506807897632
0140028103509645381969
0140061803500405011902
0140043403512909246366
0140088503501901385502
0140156703508350097583
0140009003400901281558
0140415303610050352014
0140108603402807542340
0140097703503851003727
0140003803400310542440
0140400903699003328603
0140004503400402596757
0140421403610101920319
0140305103622951740153
0140305103622945339093
0140108603402807543664
0140028103509608678378
0140014403401401349700
0140478803610750642011
0140421403610101921800
0140388403615404195242
0140014403401401066665
0140039703511402868262
0140141303506245019779
0140999803200094978037
0140999803200094985084
0140999803200094958608
0140999803200004619890
0140999803200095003246
0140027403508753781256
0140999803200061419514
0140068703501550900756
0140999803200062451377
0140999803200094999896
0140999803200094987370
0140129103505351694966
0140084703503051675311
0140016803401605311978
0140038003508051217363
0140999803200094982900
0140999803200094999209
0140999803200005359748
0140999803200051831036
0140006903400608018954
0140334103620507596009
0140478803610751460463
0140026703509745264656
0140323503420055363597
0140007603400750789384
0140051903515506957000
0140000703100052098385
0140100003402309545007
0140334103620545222812
0140354903617704431587
0140339603630245442937
0140354903617704518866
0140018203401802113623
0140038003508050988660
0140999803200095157479
0140062503500809182886
0140999803200094960506
0140076203502150496959
0140028103509651424669
0140414603620104982973
0140999803200094992109
0140042703512045173506
0140038003508051461272
0140043403512950794463
0140051903515551035924
0140023603506804037176
0140110903402901047606
0140305103622952015438
0140999803200060372247
0140084703503050388120
0140082303502907767420
0140149903506509864376
0140054003515107286167
0140330303644108611462
0140149903506550060235
0140323503420053723135
0140999803200094971531
0140999803200095919156
0140999803200093406375
0140000703100005114711
0140108603402850276919
0140002103400250801421
0140005203400550050437
0140999803200095520817
0140027403508704091894
0140003803400309619306
0140114703205009080379
0140005203400504280602
0140356303670450456226
0140323503420007306616
0140003803400350948608
0140045803517503542287
0140304403659903052945
0140339603630251082251
0140056403517305139544
0140035903506350607025
0140415303610005191462
0140409203700100867381
0140999803200054139748
0140129103505345107124
0140006903400608085044
0140999803200092365204
0140029803505552413245
0140070003500550054425
0140038003508050513981
0140112303502445008304
0140002103400203246710
0140013703401350575151
0140327303673403088893
0140354903617745103139
0140300603658404178741
0140048903715952967901
0140014403401401110409
0140129103505350622926
0140999803200059020458
0140112303502400907789
0140443603630500463457
0140040303511853616722
0140017503401750545671
0140027403508745586771
0140003803400309650570
0140301303666251439773
0140414603620102502955
0140300603658404176967
0140054003515107578378
0140999803200064291573
0140025003713604124816
0140999803200094983460
0140019903401904595426
0140415303610050494585
0140017503401700955750
0140085403502250281837
0140018203401851154268
0140003803400350893878
0140028103509608688331
0140020503402050404691
0140108603402807628817
0140049603515308156755
0140084703503002249798
0140135203505903773769
0140023603506804039462
0140068703501551815006
0140301303666250274205
0140019903401904264153
0140003803400309616208
0140305103622908746807
0140356303670445098626
0140345703663900752210
0140014403401401040436
0140140603508800473099
0140323503420007130402
0140028103509608692365
0140014403401401434725
0140006903400651404715
0140008303400850195757
0140354903617704186418
0140016803401605033043
0140354903617704184986
0140999803200056789279
0140084703503050621605
0140035903506303389907
0140305103622953337764
0140014403401401106475
0140999803200095001547
0140117803504751077258
0140337203637950353259
0140038003508050746307
0140028103509651801987
0140323503420045606208
0140354903617704186333
0140323503420045987415
0140003803400350734724
0140478803610704314199
0140022903717550496441
0140354903617704186760
0140999803200094964836
0140310503632850942084
0140018203401802113463
0140323503420051375604
0140334103620550536500
0140999803200059816895
0140039703511445381021
0140005203400550093324
0140038003508051355917
0140999803200060101809
0140141303506250466610
0140002103400203243100
0140479503622809280035
0140106203504301102568
0140157403509050358488
0140999803200055190630
0140330303644150518865
0140999803200094968319
0140306803644302511517
0140056403517350674487
0140076203502108436875
0140447403690608056966
0140002103400245089474
0140068703501551424310
0140069403500900996359
0140129103505302728504
0140465803624450051677
0140085403502250062285
0140366203617601225722
0140300603658404190107
0140320403719302164293
0140023603506804039899
0140016803401650575826
0140068703501509663718
0140999803200090360249
0140003803400310602795
0140051903515550569420
0140023603506804036364
0140415303610005190575
0140175803718450152273
0140076203502150057608
0140028103509645352600
0140007603400708190772
0140020503402002036374
0140003803400310602528
0140002103400207915122
0140129103505302516664
0140305103622952152003
0140084703503050180566
0140068703501552065967
0140084703503050388205
0140068703501501022106
0140999803200005632777
0140999803200094957629
0140045803517503101749
0140147503403308079159
0140410803680003244420
0140305103622945367465
0140414603620151220406
0140003803400310576773
0140334103620507527548
0140149903506550506775
0140018203401851428220
0140012003401203053753
0140337203637905289949
0140110903402901046634
0140305103622908671525
0140054003515107288613
0140003803400309619818
0140003803400309553107
0140008303400807418412
0140003803400351143491
0140008303400807419149
0140054003515106673234
0140320403719350175997
0140039703511452579727
0140325903690250493852
0140033503502552759896
0140028103509608495964
0140189503520650914386
0140401603618907171692
0140097703503845133126
0140014403401401101326
0140334103620507528435
0140305103622953285353
0140415303610052419283
0140060103500351868896
0140033503502553427321
0140153603515450230503
0140442903610550835080
0140003803400309620584
0140000703100004753005
0140028103509652611631
0140012003401203055537
0140002103400203248099
0140012003401203029888
0140028103509608691980
0140018203401802111177
0140054003515107285515
0140999803200061728308
0140003803400350893953
0140003803400350922486
0140060103500345270467
0140149903506509872395
0140002103400250446422
0140422103610300514209
0140046503517401585267
0140015103401550666626
0140007603400750169243
0140035903506303707031
0140086103503450765527
0140031103509503503700
0140036603710302043403
0140046503517401585502
0140013703401350428523
0140027403508709515607
0140021203402103015409
0140038003508009648913
0140112303502402002208
0140077903504004300133
0140153603515450043226
0140007603400750963678
0140364803614801533620
0140031103509503273362
0140001403400101294376
0140005203400504333900
0140012003401250295625
0140014403401401110584
0140028103509655766284
0140044103512645645616
0140337203637950353334
0140018203401851352655
0140033503502550973476
0140187103520450424533
0140043403512950603624
0140027403508745587231
0140035903506345571074
0140058803500108631061
0140035903506351815344
0140300603658404020875
0140082303502907767345
0140003803400309602335
0140999803200062088601
0140139003510150838006
0140305103622945367540
0140014403401401444795
0140442903610505965660
0140388403615451768248
0140339603630251082176
0140027403508750503673
0140323503420052430090
0140003803400309623095
0140002103400203244691
0140999803200094978549
0140033503502509300597
0140002103400203245151
0140999803200095001974
0140000703100005115288
0140003803400309551590
0140084703503002905807
0140110903402901046474
0140012003401203036828
0140003803400350095960
0140999803200057579402
0140192503520950699633
0140129103505345323258
0140006903400608109595
0140043403512950545405
0140076203502102196494
0140018203401851253088
0140051903515550843698
0140038003508008383066
0140039703511445381106
0140014403401401464551
0140013703401302342905
0140108603402807543824
0140002103400250567998
0140478803610704085570
0140310503632850447664
0140026703509752699702
0140018203401850591354
0140046503517450177857
0140012003401250083600
0140031103509551989688
0140097703503802671809
0140999803200061228686
0140028103509650675372
0140002103400250825609
0140999803200094980010
0140003803400350600449
0140023603506851607821
0140332703706402104717
0140398303637650026800
0140085403502250887127
0140038003508050108024
0140014403401450411393
0140003803400350453630
0140401603618945008907
0140018203401850490088
0140028103509609618685
0140038003508050746499
0140003803400308869559
0140100003402350034583
0140085403502202562771
0140054003515150804525
0140020503402050440570
0140045803517503102551
0140028103509651764763
0140060103500345270207
0140999803200094970804
0140043403512909251447
0140086103503400997082
0140058803500145408084
0140000703100004898674
0140000703100004753272
0140054003515107412568
0140388403615451855481
0140003803400310625062
0140147503403350866479
0140038003508009579097
0140003803400309519866
0140325903690250816455
0140021203402150099100
0140098403503950438671
0140012003401203054213
0140144403514506060901
0140112303502450179125
0140082303502950169754
0140183303404950162075
0140003803400350144846
0140054003515150779407
0140089203502850486214
0140082303502950169839
0140145103506950387400
0140012003401250538544
0140999803200094965303
0140087803502303381929
0140112303502450618909
0140003803400310515552
0140026703509750486304
0140014403401401108761
0140102403402550622849
0140018203401851428145
0140305103622952919099
0140999803200091986950
0140009003400950224793
0140014403401450504053
0140109303504452073986
0140014403401450738397
0140030403509850261649
0140012003401250741265
0140156703508350112808
0140070003500507608620
0140024303502651672724
0140105503504250460090
0140115403504652409130
0140061803500451080394
0140038003508008870566
0140014403401450309788
0140008303400850135508
0140337203637951602787
0140033503502551903393
0140192503520950504304
0140008303400807409421
0140000703100052469543
0140014403401450309603
0140100003402309612484
0140002103400250410582
0140003803400350232709
0140479503622801027683
0140129103505351554958
0140006903400651460115
0140460303620750721906
0140009003400950515680
0140043403512950634507
0140003803400309618259
0140082303502950865072
0140045803517550872012
0140400903699050647595
0140355603665750404422
0140097703503845133478
0140042703512051772359
0140003803400351253758
0140019903401950149646
0140421403610150330987
0140015103401550569697
0140999803200095918771
0140354903617750592759
0140050203518150341243
0140014403401401107607
0140054003515150369927
0140020503402050285407
0140089203502850752388
0140014403401450775248
0140054003515150919429
0140107903402750413689
0140460303620750410826
0140999803200094954606
0140150503504901315049
0140327303673450759203
0140061803500409844500
0140339603630208981396
0140002103400250699550
0140114703205050845202
0140999803200058850861
0140003803400309617799
0140999803200055190715
0140999803200094980959
0140075503501750208838
0140999803200095918931
0140075503501751303877
0140003803400309621808
0140006903400608019254
0140359403706751158928
0140015103401504010646
0140018203401802115087
0140999803200056273541
0140031103509551930280
0140018203401802110792
0140014403401450309511
0140033503502509266808
0140014403401450503913
0140020503402050223801
0140157403509050569004
0140999803200063278269
0140323503420055041123
0140999803200094969206
0140002103400203247522
0140018203401802052573
0140361703635806465127
0140323503420045824703
0140049603515308137619
0140061803500451010854
0140413903620006155604
0140060103500345270382
0140059503500207221033
0140005203400550224102
0140013703401350561363
0140007603400751080554
0140087803502351753729
0140999803200095157714
0140339603630245351204
0140008303400850285906
0140019903401950577603
0140028103509652145051
0140000703100051941727
0140008303400850238900
0140999803200062451537
0140036603710345324817
0140003803400350998115
0140150503504950344502
0140087803502350979403
0140050203518107805299
0140077903504052250190
0140011303401150561606
0140305103622950913659
0140061803500450776803
0140028103509651785416
0140092203703102080514
0140007603400708181941
0140035903506345107633
0140026703509745439553
0140334103620507527463
0140054003515107624071
0140003803400350342806
0140054003515150868929
0140002103400250699635
0140051903515510140216
0140051903515508265967
0140031103509550828201
0140108603402850028268
0140096003503750268227
0140046503517450100200
0140044103512654472597
0140077903504051776004
0140038003508008673301
0140028103509652499967
0140021203402150053962
0140096003503750955301
0140027403508745586931
0140003803400350600524
0140054003515150331951
0140028103509651424584
0140012003401250752115
0140038003508052034224
0140051903515550249007
0140047203513801392384
0140038003508050108291
0140057103710150691225
0140337203637952150308
0140999803200095003833
0140082303502952110002
0140079303502050255759
0140189503520651019301
0140999803200060102024
0140027403508752662381
0140460303620750747708
0140999803200059517040
0140999803200056790440
0140999803200056789866
0140999803200094972008
0140084703503050438917
0140079303502002687988
0140022903717551429206
0140334103620551004536
0140999803200053596942
0140999803200060101564
0140999803200053209767
0140056403517305140128
0140116103504851985189
0140305103622951353117
0140033503502552932194
0140027403508753382398
0140002103400250685687
0140191803520850663792
0140999803200063734107
0140999803200090338318
0140999803200051526749
0140157403509050515922
0140023603506854322947
0140140603508852313105
0140420703690150999601
0140129103505302747473
0140081603503203651657
0140191803520850543465
0140999803200057579082
0140027403508753137400
0140027403508753137325
0140999803200058850519
0140999803200056273206
0140014403401450791958
0140329703709209757883
0140999803200057578867
0140072403501251202414
0140999803200060372407
0140097703503802961397
0140999803200057346147
0140135203505951481890
0140999803200056789606
0140999803200058760520
0140033503502551984103
0140129103505352491801
0140999803200056790105
0140033503502552220013
0140339603630252265541
0140157403509050510880
0140129103505350092600
0140114703205050522385
0140189503520650631401
0140027403508704086386
0140420703690151077418
0140362403688600579400
0140999803200053596782
0140000703100052559297
0140027403508701272489
0140089203502800978455
0140330303644150236372
0140300603658404229678
0140300603658404176103
0140304403659951138228
0140300603658451131218
0140300603658451131300
0140304403659952351208
0140418403650150157159
0140318103654450491645
0140300603658451445076
0140321103653250329110
0140304403659952195156
0140419103650250122879
0140300603658450765445
0140304403659951316774
0140304403659952351383
0140304403659952398692
0140999803200060101724
0140333403642450457202
0140345703663950233785
0140085403502202435152
0140046503517450522701
0140030403509852863522
0140083003697050837969
0140305103622952475609
0140330303644150702105
0140025003713604124229
0140323503420051828085
0140019903401950550242
0140356303670451024990
0140036603710345268991
0140400903699003386641
0140315003653100935641
0140036603710302189280
0140034203716950244559
0140002103400250830100
0140034203716945197527
0140042703512052930734
0140058803500151658653
0140999803200059816970
0140045803517550123417
0140048903715951920648
0140315003653150062364
0140130703505450567486
0140130703505450234322
0140036603710351967796
0140002103400250879613
0140025003713651072106
0140051903515550690096
0140048903715952280002
0140034203716951444699
0140305103622950758746
0140305103622952897933
0140305103622945340691
0140316703719450943995
0140365503678950478706
0140114703205050410909
0140040303511845338281
0140108603402850295703
0140088503501950844070
0140054003515107285355
0140036603710350972588
0140421403610102103319
0140422103610300514384
0140030403509805401296
0140048903715950871046
0140081603503202683800
0140336503685101719210
0140008303400850052801
0140323503420045604936
0140192503520950430346
0140999803200094988854
0140306803644303200214
0140003803400309620072
0140038003508008381602
0140043403512909250123
0140038003508008411619
0140085403502250432471
0140079303502050970106
0140003803400309602410
0140141303506200920298
0140085403502201726262
0140026703509709056743
0140019903401950539780
0140005203400504333733
0140001403400101545559
0140019903401904265712
0140082303502907964685
0140000703100005114636
0140060103500345217738
0140030403509805402503
0140061803500406869135
0140140603508800473174
0140008303400808528648
0140003803400309615588
0140045803517503102391
0140024303502652398852
0140030403509805402770
0140040303511809524941
0140000703100005181405
0140018203401850761966
0140112303502450179200
0140005203400504388801
0140323503420007310565
0140061803500409604465
0140035903506345384476
0140305103622951959858
0140069403500950355898
0140999803200094471130
0140027403508701274263
0140077903504004421869
0140043403512909250475
0140038003508051671321
0140430603690450167036
0140024303502657330659
0140051903515550746812
0140076203502102084773
0140056403517305140395
0140035903506345384551
0140071703501052323253
0140001403400101544907
0140058803500108631498
0140014403401401072206
0140033503502545174666
0140023603506851607906
0140017503401703231952
0140003803400350453555
0140058803500108840810
0140005203400504107806
0140005203400504333306
0140129103505350211115
0140052603518350275007
0140024303502603259025
0140023603506855638366
0140356303670450485837
0140082303502907584009
0140035903506351215663
0140023603506854482124
0140098403503950419450
0140022903717545073390
0140306803644302511272
0140002103400250685762
0140038003508051820426
0140022903717550618498
0140389103703751363002
0140043403512908650603
0140999803200000239737
0140027403508745586269
0140022903717550219790
0140044103512654639208
0140044103512653276015
0140018203401851091327
0140033503502552078438
0140033503502509635008
0140999803200006512067
0140301303666203081700
0140319803666550585890
0140027403508745587071
0140999803200092131632
0140024303502650359884
0140189503520650680458
0140056403517350360971
0140360003659001849500
0140999803200056273114
0140306803644302510897
0140360003659002050958
0140129103505303198997
0140189503520650519246
0140301303666251439698
0140037303718553049113
0140002103400250620129
0140321103653202202991
0140400903699051116760
0140999803200055189971
0140306803644351786656
0140312903665650397620
0140306803644351939746
0140084703503051576768
0140300603658451093022
0140360003659050458353
0140301303666251425473
0140388403615451306385
0140442903610551286689
0140038003508051446046
0140046503517450740886
0140420703690151286762
0140337203637951029443
0140038003508051317902
0140025003713651371951
0140024303502652074284
0140319803666550146709
0140085403502250363050
0140317403643502163485
0140339603630254940107
0140077903504000541510
0140356303670401921043
0140423803610250976142
0140338903647850751228
0140103103402607502719
0140355603665701515809
0140356303670445098114
0140317403643502469217
0140323503420054093651
0140338903647850666708
0140319803666551039839
0140324203678250962941
0140324203678250985997
0140317403643550533746
0140999803200059630796
0140319803666551530776
0140306803644351786571
0140300603658451394149
0140048903715952051312
0140310503632851541389
0140054003515150164287
0140401603618951381834
0140323503420055093001
0140330303644150621527
0140301303666251624597
0140306803644351871848
0140323503420040468201
0140054003515150899482
0140135203505951654319
0140084703503051655807
0140029803505553536105
0140002103400203249498
0140110903402950344185
0140081603503253717240
0140029803505553536020
0140331003694208180207
0140300603658404178239
0140061803500450591868
0140999803200005359403
0140999803200094976413
0140999803200094985169
0140999803200090360324
0140388403615451559833
0140337203637950437355
0140999803200094961813
0140999803200091267754
0140189503520650902884
0140999803200059020533
0140353203613050526452
0140999803200055189384
0140003803400309617010
0140999803200094954958
0140999803200094953474
0140129103505302920283
0140999803200005632265
0140129103505302667874
0140999803200094968586
0140999803200005477437
0140075503501751109550
0140999803200094972268
0140999803200094971616
0140362403688600550852
0140027403508701275235
0140999803200095232943
0140110903402950483381
0140999803200094983118
0140421403610150584148
0140999803200094989314
0140051903515550466455
0140421403610101922872
0140135203505950398193
0140999803200093522013
0140191803520850288920
0140999803200000195505
0140999803200005631538
0140032803503308852742
0140999803200095287509
0140129103505302562506
0140999803200094972343
0140045803517503101664
0140421403610150808518
0140192503520950525644
0140999803200095287684
0140999803200094972770
0140999803200005359908
0140013703401302343113
0140189503520650680373
0140027403508701274348
0140028103509650844158
0140009003400950031562
0140999803200060101991
0140045803517503484655
0140415303610005064515
0140027403508709718044
0140081603503203105222
0140112303502445055492
0140337203637945296936
0140114703205050410824
0140999803200094950888
0140999803200051831548
0140999803200056790280
0140084703503050936275
0140430603690450039209
0140999803200094966108
0140999803200094994310
0140084703503050473664
0140999803200095003758
0140068703501545255742
0140027403508701272649
0140135203505903922192
0140129103505351022862
0140999803200095230572
0140999803200094969473
0140019903401950251251
0140999803200095002007
0140999803200094959595
0140999803200094977492
0140999803200094997920
0140135203505950508631
0140018203401802112576
0140999803200002128901
0140157403509050165332
0140999803200087352800
0140999803200005632692
0140081603503245469542
0140999803200052641209
0140135203505903720642
0140069403500900994575
0140999803200074975124
0140999803200061625418
0140339603630245443077
0140999803200094958868
0140999803200094970057
0140027403508750716660
0140323503420045824970
0140069403500950341086
0140305103622952939015
0140999803200004620474
0140999803200094999629
0140326603640606727429
0140097703503803007302
0140999803200094957384
0140369303631001072809
0140135203505951718659
0140999803200094968159
0140400903699003116183
0140079303502050890934
0140069403500901073286
0140420703690150726540
0140045803517503542010
0140027403508701274850
0140069403500900962705
0140999803200095001899
0140043403512909650220
0140999803200094971968
0140999803200061345563
0140114703205050355628
0140084703503050949848
0140999803200005633077
0140999803200094992451
0140999803200095006429
0140999803200055715615
0140192503520950566160
0140999803200060562370
0140999803200061936093
0140079303502050719684
0140019903401950381039
0140135203505903900705
0140999803200094987028
0140306803644351143224
0140999803200094143040
0140999803200094993508
0140999803200052641117
0140305103622953067520
0140084703503050551212
0140348803628102152798
0140308203673850727437
0140999803200094985329
0140999803200055715455
0140191803520850619115
0140032803503310516603
0140027403508745225160
0140039703511454945087
0140097703503850292360
0140068703501551230544
0140084703503050002628
0140192503520950578921
0140084703503051489952
0140999803200063342104
0140310503632808772981
0140192503520950430261
0140068703501551850685
0140068703501509667208
0140999803200000880133
0140084703503050217901
0140068703501551385824
0140084703503050225760
0140150503504950882918
0140999803200005633404
0140999803200094988939
0140189503520650770959
0140418403650150420460
0140157403509050144092
0140006903400651075984
0140323503420052978420
0140999803200056790877
0140068703501551850760
0140999803200052641629
0140346403705308039875
0140305103622945259227
0140999803200063278344
0140999803200063278009
0140002103400250711517
0140029803505551907112
0140999803200063278184
0140999803200063341729
0140068703501551895196
0140337203637905289277
0140042703512045706937
0140329703709209879215
0140323503420009283210
0140423803610207285439
0140323503420053707104
0140077903504001865385
0140323503420045604509
0140035903506351556579
0140035903506303313681
0140001403400150846870
0140184003520150702953
0140034203716903424164
0140079303502050719509
0140042703512052887627
0140061803500450947203
0140182603508650699638
0140366203617650684798
0140305103622945187302
0140401603618907161974
0140442903610505965585
0140081603503253892165
0140999803200094966450
0140421403610101921558
0140097703503845133553
0140999803200095521469
0140189503520650967588
0140028103509608532324
0140999803200062203206
0140337203637951185222
0140472603610600936611
0140323503420051975972
0140050203518107959330
0140478803610753697032
0140044103512653206070
0140415303610005191622
0140028103509645214711
0140421403610101911243
0140423803610250870741
0140415303610050744956
0140323503420052430335
0140323503420007315010
0140415303610005190735
0140323503420045605236
0140323503420051375437
0140478803610750165178
0140323503420007307930
0140069403500950304395
0140187103520450475791
0140421403610101921046
0140323503420007312264
0140421403610102051410
0140401603618907154170
0140401603618907173209
0140401603618951459962
0140323503420052429911
0140323503420051375512
0140478803610704085655
0140323503420045728319
0140478803610751046614
0140323503420054514262
0140337203637951029528
0140323503420052430410
0140323503420055488027
0140192503520950535102
0140005203400504334118
0140323503420051976005
0140323503420054488240
0140303703694950521493
0140323503420055093193
0140401603618950593805
0140149903506550768894
0140323503420052794020
0140999803200059142804
0140323503420052978697
0140476403626450297677
0140323503420053723302
0140323503420054925134
0140999803200056789002
0140018203401802052146
0140375403611706543884
0140339603630245351624
0140310503632808597106
0140100003402309431779
0140354903617751978486
0140339603630252573448
0140339603630251261694
0140999803200094967934
0140033503502551903638
0140339603630251186380
0140310503632850447824
0140310503632850311680
0140084703503051037892
0140068703501552066182
0140354903617750852176
0140999803200055715370
0140319803666550543890
0140334103620551208532
0140339603630252018619
0140334103620501615438
0140003803400350998207
0140339603630251635103
0140045803517550679798
0140999803200094961905
0140305103622908672177
0140087803502303873714
0140442903610505965745
0140077903504052374757
0140026703509752474626
0140187103520450402993
0140009003400950461228
0140999803200058850786
0140339603630252225165
0140304403659945390791
0140999803200094987455
0140046503517402976075
0140451103678450290903
0140999803200003983655
0140145103506950549741
0140035903506350394796
0140072403501250785806
0140305103622945470127
0140460303620703054482
0140999803200055190203
0140999803200093589515
0140054003515107282929
0140999803200094967262
0140352503684701252538
0140305103622909128402
0140003803400308507303
0140000703100005118119
0140000703100009065817
0140068703501500973900
0140305103622908668570
0140129103505350183746
0140086103503450592596
0140305103622908670201
0140310503632850607701
0140305103622908665557
0140352503684701252613
0140305103622908664905
0140999803200094985756
0140352503684750201154
0140337203637905288892
0140305103622909405266
0140479503622800340617
0140999803200095004218
0140305103622908665120
0140305103622951740238
0140305103622908737564
0140999803200094961141
0140443603630500358744
0140418403650151574128
0140415303610005190810
0140305103622908873662
0140337203637905076105
0140339603630252529540
0140323503420052794297
0140084703503051248593
0140305103622908665717
0140305103622908669627
0140305103622908475509
0140323503420007001696
0140999803200094994150
0140300603658450765360
0140005203400550623145
0140351803684608058589
0140305103622908665472
0140305103622908670393
0140305103622952273999
0140045803517503102049
0140012003401250245606
0140038003508050571400
0140305103622952225242
0140999803200055189032
0140337203637950532937
0140336503685150227629
0140003803400350453470
0140054003515150404855
0140094603503650578761
0140413903620050270555
0140305103622952015353
0140999803200056789514
0140401603618950704148
0140423803610250464089
0140460303620750929225
0140428303624650163635
0140352503684750590625
0140460303620750626751
0140443603630550297750
0140337203637951602602
0140305103622951543080
0140999803200000842982
0140305103622951959933
0140305103622953036722
0140410803680050436205
0140305103622945339413
0140305103622952918874
0140370903682401148203
0140112303502450610837
0140003803400309622283
0140031103509503274846
0140028103509608688928
0140095303503509232817
0140430603690450549748
0140051903515505527123
0140038003508008382926
0140043403512951741550
0140033503502545304038
0140054003515150785802
0140038003508008384892
0140048903715955461929
0140019903401950397625
0140323503420052601407
0140112303502400908409
0140038003508008381794
0140027403508753288702
0140051903515508459146
0140029803505551624084
0140192503520950680963
0140000703100004898599
0140006903400650768388
0140112303502400922151
0140076203502150350660
0140038003508008382339
0140135203505950963913
0140112303502400907604
0140031103509503273874
0140002103400245099512
0140999803200094970132
0140038003508009648753
0140136903509950099797
0140019903401904263938
0140066303500600903440
0140012003401203027912
0140031103509550828119
0140082303502951521272
0140061803500451201362
0140112303502450657399
0140999803200056790792
0140192503520950578846
0140999803200060919114
0140068703501550249000
0140085403502202559634
0140068703501501414376
0140011303401105248918
0140006903400650282646
0140014403401401107010
0140039703511454406029
0140372303701208268207
0140304403659903052600
0140051903515510060105
0140009003400902104636
0140032803503308967561
0140999803200091541830
0140145103506950284268
0140016803401605032743
0140192503520950485599
0140300603658445299362
0140100003402350535956
0140479503622800731723
0140029803505545485310
0140112303502450401163
0140999803200095521896
0140999803200095004560
0140999803200061419606
0140999803200005314480
0140076203502150591517
0140305103622951629045
0140305103622952475944
0140300603658404179393
0140003803400350734489
0140017503401750307068
0140069403500950200778
0140323503420055141694
0140305103622945339178
0140999803200090147565
0140999803200053210341
0140354903617751526401
0140072403501201307701
0140018203401845022487
0140409203700150049698
0140035903506345571159
0140999803200095242661
0140068703501501207905
0140129103505351198123
0140028103509652135845
0140084703503002249873
0140999803200094964324
0140068703501509741960
0140999803200094955098
0140999803200094995047
0140028103509651354788
0140999803200053210853
0140097703503851129663
0140085403502250851287
0140352503684750666979
0140087803502352612014
0140999803200054140599
0140337203637951681553
0140006903400651460207
0140005203400501094871
0140999803200093600425
0140039703511454944947
0140036603710302189013
0140026703509751059431
0140999803200091541403
0140014403401401445095
0140072403501251063112
0140334103620550536685
0140028103509651424409
0140003803400350922134
0140003803400350734809
0140999803200093438732
0140414603620150931479
0140081603503202868937
0140300603658445324657
0140304403659951042200
0140018203401845044379
0140097703503850292285
0140035903506352141901
0140012003401250754326
0140058803500108630686
0140306803644345103568
0140054003515150951900
0140043403512950937323
0140014403401401444955
0140002103400250764801
0140027403508753629387
0140102403402550885183
0140033503502509267870
0140084703503002714207
0140418403650150292445
0140003803400310576506
0140033503502552970017
0140323503420052794372
0140036603710302189525
0140999803200055075025
0140999803200056273039
0140999803200094996606
0140421403610101923172
0140038003508008424510
0140305103622945340264
0140128403505206448623
0140346403705308182753
0140329703709250714457
0140018203401851456197
0140019903401950363484
0140415303610052561359
0140027403508753493979
0140082303502950264909
0140305103622945412004
0140022903717501831053
0140999803200055191367
0140085403502202559719
0140300603658450653137
0140354903617704185873
0140070003500550603382
0140999803200063092597
0140025003713604124304
0140999803200094979436
0140315003653150810840
0140334103620545208078
0140035903506351795994
0140300603658450798706
0140305103622945470202
0140430603690408524816
0140014403401450092273
0140021203402103011834
0140009003400901281633
0140084703503002251429
0140421403610150902616
0140323503420051976197
0140026703509751596011
0140014403401450106242
0140025003713645283282
0140310503632850678558
0140019903401950063339
0140027403508753493894
0140047203513850331015
0140323503420054165903
0140323503420052978505
0140043403512945107470
0140095303503509233117
0140999803200094997098
0140109303504453199005
0140999803200094958271
0140400903699003116695
0140414603620150763825
0140479503622801044006
0140192503520950774190
0140025003713651936138
0140192503520950551133
0140042703512052654874
0140085403502250560802
0140081603503203104762
0140339603630245494143
0140999803200006165834
0140189503520650990993
0140037303718553081946
0140003803400351332033
0140107903402745008731
0140145103506950235488
0140082303502952170916
0140074803501650050605
0140038003508008673493
0140103103402607230883
0140039703511402483636
0140192503520950767907
0140045803517501816500
0140006903400653129498
0140068703501507690530
0140065603501450661319
0140129103505302731986
0140028103509651258981
0140028103509608693337
0140023603506851215156
0140084703503003082185
0140028103509652103723
0140059503500207220573
0140043403512951666406
0140334103620507690107
0140103103402607382553
0140305103622951543400
0140460303620703358515
0140305103622945340509
0140366203617651418347
0140332703706400855969
0140416003620205140632
0140014403401401107799
0140001403400101544662
0140021203402150363216
0140310503632851521943
0140030403509853339620
0140400903699051521436
0140999803200094959083
0140308203673850945420
0140192503520950674308
0140306803644352112555
0140072403501251050136
0140058803500152908726
0140002103400250840750
0140186403520351170540
0140076203502150756109
0140401603618951595985
0140004503400450593052
0140028103509609718392
0140058803500150550240
0140140603508852591774
0140056403517351112502
0140116103504802131104
0140035903506351497388
0140082303502907767260
0140014403401450676855
0140033503502509182290
0140023603506811497848
0140024303502645663002
0140107903402750413504
0140106203504301102483
0140018203401850983609
0140071703501001449676
0140035903506351775022
0140094603503609086309
0140017503401700955590
0140323503420007304085
0140042703512045985042
0140050203518100653581
0140043403512951290526
0140140603508852437342
0140035903506350662040
0140058803500151782587
0140024303502651269405
0140063203500750553931
0140087803502352414054
0140033503502553216705
0140043403512951438290
0140050203518150464753
0140035903506351215748
0140150503504951320378
0140097703503851418936
0140042703512051605101
0140050203518150341328
0140370903682450063766
0140098403503901299762
0140028103509651848517
0140097703503851016703
0140033503502552146023
0140043403512951407225
0140018203401850715857
0140392103664450546214
0140024303502651699413
0140418403650150420545
0140019903401950367639
0140024303502652125968
0140043403512951060109
0140043403512951011909
0140012003401250426076
0140033503502505984616
0140035903506351882960
0140023603506854482209
0140033503502552687100
0140068703501551656795
0140058803500152639486
0140035903506352052205
0140999803200064050374
0140999803200094998305
0140999803200062451100
0140042703512052835749
0140050203518150653487
0140192503520950768030
0140077903504052191169
0140042703512053919707
0140021203402150363131
0140068703501551899693
0140033503502552719755
0140014403401450106327
0140084703503051178872
0140304403659951758529
0140366203617651331143
0140004503400450382191
0140036603710351858234
0140999803200064291658
0140043403512951485371
0140323503420055408449
0140003803400351120797
0140054003515107288378
0140105503504251576330
0140026703509752795189
0140027403508701272304
0140062503500851008103
0140028103509651785508
0140003803400351200204
0140038003508050638411
0140062503500850952982
0140029803505551671592
0140038003508051279808
0140018203401802115162
0140026703509752474701
0140026703509751595988
0140029803505551721600
0140028103509652017644
0140024303502651952099
0140028103509651936562
0140112303502450676008
0140040303511853225531
0140094603503650877752
0140999803200094990677
0140191803520850663600
0140114703205051016205
0140006903400650868682
0140192503520950485322
0140999803200057346307
0140477103690950870078
0140014403401450321212
0140028103509645352433
0140084703503051655715
0140300603658451504342
0140014403401450804016
0140190103520751425125
0140999803200063341804
0140116103504801075814
0140014403401450424539
0140316703719450593138
0140018203401851310068
0140054003515107288880
0140037303718502373887
0140315003653100837985
0140366203617601226886
0140054003515107286594
0140402303707250882758
0140086103503450227548
0140328003714050704656
0140999803200094995122
0140999803200091541915
0140301303666245317528
0140421403610150428109
0140135203505951312431
0140135203505904125200
0140323503420054925219
0140401603618951187272
0140401603618951647457
0140323503420007311612
0140478803610700141506
0140401603618951187357
0140388403615404072404
0140401603618951259791
0140031103509545164275
0140087803502351731837
0140999803200095004645
0140005203400501096655
0140002103400208322350
0140005203400550079924
0140026703509751972367
0140999803200063734299
0140027403508752289560
0140042703512051488203
0140110903402901239605
0140089203502800978295
0140999803200095000490
0140133803505854950321
0140000703100045684944
0140029803505503645259
0140020503402050612614
0140014403401450212866
0140028103509652725808
0140058803500150319669
0140069403500900996274
0140010603401050235139
0140112303502445054925
0140022903717545021405
0140400903699003397171
0140040303511850676264
0140098403503950742668
0140999803200094975281
0140003803400350922301
0140323503420045584807
0140339603630208518842
0140033503502509342757
0140131403505651052851
0140305103622908666444
0140097703503850286637
0140027403508753160655
0140999803200094977065
0140097703503850583332
0140190103520751318126
0140999803200095001035
0140058803500151658813
0140016803401605035926
0140084703503051061682
0140183303404950179206
0140051903515551148372
0140058803500145157061
0140141303506250504998
0140000703100005117307
0140323503420051709409
0140415303610005066481
0140102403402550860605
0140038003508051461357
0140070003500507629465
0140054003515107287214
0140023603506855108139
0140065603501409200370
0140012003401250652323
0140098403503950634260
0140038003508009578285
0140056403517305408709
0140477103690950617093
0140042703512009660376
0140106203504301612847
0140042703512051772434
0140021203402150141580
0140043403512909568303
0140096003503750962433
0140031103509545096505
0140027403508752714105
0140006903400607261175
0140133803505801093121
0140191803520850561362
0140076203502108434312
0140132103505702139692
0140081603503250582876
0140421403610101878953
0140131403505650730143
0140058803500151658738
0140063203500750599681
0140044103512653734768
0140028103509608480425
0140300603658451884235
0140043403512950937248
0140048903715951024999
0140040303511851857268
0140066303500653644776
0140130703505450058254
0140999803200055715967
0140141303506250461301
0140091503710251181588
0140430603690451273604
0140133803505853778546
0140110903402950358560
0140115403504652254006
0140175803718450258698
0140049603515350663014
0140040303511845320231
0140043403512951178286
0140401603618950703923
0140070003500550102414
0140047203513853398200
0140323503420054886051
0140190103520751493393
0140051903515550075189
0140086103503407433990
0140130703505450730738
0140054003515150128995
0140313603697150380730
0140018203401850342563
0140033503502545304113
0140081603503250800965
0140135203505951739142
0140023603506854699106
0140038003508050388040
0140310503632850447909
0140148203511900906899
0140016803401650538388
0140430603690450912414
0140081603503254783756
0140999803200090512367
0140044103512604222319
0140018203401845096417
0140004503400450154565
0140337203637945296851
0140024303502652471870
0140084703503002234334
0140999803200094975106
0140333403642450507310
0140305103622945412271
0140018203401802111252
0140061803500409605604
0140018203401851223412
0140000703100005116335
